Mode,Start_Time,Animal,Weight,Unit
0,2026-05-29 00:00:01.555770,1218496122,10.15,2
solo,2026-05-29 00:00:01.760318,0,0
OPEN,2026-05-29 00:00:21.761084,0,0
0,2026-05-29 00:00:29.091949,121839170,6.46,1
1,2026-05-29 00:00:35.071469,1218496122,-0.83,1
2,2026-05-29 00:00:39.188365,1218496122,-6.64,1
3,2026-05-29 00:00:43.382739,1218496122,-11.36,1
4,2026-05-29 00:00:44.330427,121839170,2.47,1
0,2026-05-29 00:01:05.841921,1218496122,15.99,2
sequence,2026-05-29 00:01:06.046658,0,0
5,2026-05-29 00:01:06.198102,12186133157,6.92,1
6,2026-05-29 00:01:07.503322,12186133157,24.43,1
1,2026-05-29 00:01:08.622992,121839170,18.86,2
followerB,2026-05-29 00:01:08.828027,0,0
2,2026-05-29 00:01:14.923052,12186133157,3.98,2
followerB,2026-05-29 00:01:15.128220,0,0
3,2026-05-29 00:01:21.681579,121839170,23.14,2
4,2026-05-29 00:01:22.819927,1218496122,19.84,2
5,2026-05-29 00:01:24.636705,12186133157,28.01,2
6,2026-05-29 00:01:26.919411,121836132,28.58,2
followerB,2026-05-29 00:01:27.124682,0,0
7,2026-05-29 00:01:30.913897,121839170,-14.29,1
8,2026-05-29 00:01:32.849110,1218496122,23.4,1
9,2026-05-29 00:01:41.153951,12186133157,-51.62,1
10,2026-05-29 00:01:45.678410,121836132,-5.15,1
OPEN,2026-05-29 00:02:05.883020,0,0
0,2026-05-29 00:02:08.833908,12186133157,0.1,1
OPEN,2026-05-29 00:02:29.321104,0,0
0,2026-05-29 00:02:29.927291,121859271,23.97,2
0,2026-05-29 00:02:33.952116,121836132,-6.59,1
start Lindzey,2026-05-29 00:02:35.459201,0,0
1,2026-05-29 00:02:38.375677,121859271,4.06,1
End Lindzey,2026-05-29 00:02:48.580030,0,0
OPEN,2026-05-29 00:02:58.580351,0,0
0,2026-05-29 00:03:04.619047,121836132,11.86,1
0,2026-05-29 00:03:10.659338,121836132,10.14,2
solo,2026-05-29 00:03:10.863402,0,0
1,2026-05-29 00:03:20.791230,121859271,23.42,1
1,2026-05-29 00:03:24.310764,121859271,20.89,2
followerB,2026-05-29 00:03:24.514073,0,0
OPEN,2026-05-29 00:03:44.516585,0,0
0,2026-05-29 00:03:57.104566,121836132,-22.5,2
1,2026-05-29 00:04:02.322968,121859271,23.04,2
2,2026-05-29 00:04:03.737792,121839170,15.29,2
OPEN,2026-05-29 00:04:23.738395,0,0
0,2026-05-29 00:04:27.832864,121859271,-19.23,1
0,2026-05-29 00:04:33.172852,121836132,21.76,2
start Lindzey,2026-05-29 00:04:37.100308,0,0
1,2026-05-29 00:04:41.755393,121836132,-84.11,1
End Lindzey,2026-05-29 00:04:51.959723,0,0
OPEN,2026-05-29 00:05:01.960329,0,0
0,2026-05-29 00:05:34.538413,12186133157,24.35,2
0,2026-05-29 00:05:35.637268,121839170,11.64,1
start Lindzey,2026-05-29 00:05:35.967504,0,0
1,2026-05-29 00:05:42.763219,121836132,-8.99,1
1,2026-05-29 00:06:15.960333,12186133157,23.05,2
2,2026-05-29 00:06:17.740099,121839170,13.14,2
followerB,2026-05-29 00:06:17.944875,0,0
3,2026-05-29 00:06:19.754180,121836132,29.93,2
followerB,2026-05-29 00:06:19.958639,0,0
End Lindzey,2026-05-29 00:06:29.960719,0,0
OPEN,2026-05-29 00:06:39.961145,0,0
0,2026-05-29 00:07:00.813093,121859271,20.16,1
0,2026-05-29 00:07:04.515868,121859271,16.95,2
solo,2026-05-29 00:07:04.721506,0,0
OPEN,2026-05-29 00:07:24.722292,0,0
0,2026-05-29 00:07:35.991767,12186133157,-46.25,1
OPEN,2026-05-29 00:07:55.992471,0,0
0,2026-05-29 00:08:15.316313,121859271,11.3,2
0,2026-05-29 00:08:19.671367,1218496122,-20.53,1
1,2026-05-29 00:08:20.855473,121859271,-4.21,1
followerA,2026-05-29 00:08:21.059996,0,0
sequence,2026-05-29 00:08:21.850520,0,0
OPEN,2026-05-29 00:08:41.851217,0,0
0,2026-05-29 00:09:20.209433,121836132,22.44,2
0,2026-05-29 00:09:27.496144,121836132,-76.02,1
solo,2026-05-29 00:09:27.906112,0,0
1,2026-05-29 00:09:34.651285,121836132,43.6,1
OPEN,2026-05-29 00:09:54.855205,0,0
0,2026-05-29 00:10:28.414270,1218496122,10.59,1
0,2026-05-29 00:10:46.158523,1218496122,4.93,2
solo,2026-05-29 00:10:46.362789,0,0
OPEN,2026-05-29 00:11:06.363537,0,0
0,2026-05-29 00:11:18.739807,1218496122,22.19,2
0,2026-05-29 00:11:27.814476,1218496122,-2.73,1
solo,2026-05-29 00:11:28.021509,0,0
1,2026-05-29 00:11:35.110759,121859271,5.79,1
1,2026-05-29 00:11:41.689232,1218496122,11.51,2
2,2026-05-29 00:11:42.988301,121859271,17.96,2
followerB,2026-05-29 00:11:43.192222,0,0
3,2026-05-29 00:11:47.975806,12186133157,24.58,2
followerB,2026-05-29 00:11:48.179955,0,0
4,2026-05-29 00:12:01.754039,121859271,19.18,2
2,2026-05-29 00:12:06.418765,12186133157,-74.13,1
3,2026-05-29 00:12:09.601647,12186133157,-63.38,1
4,2026-05-29 00:12:22.225673,121859271,-7.79,1
OPEN,2026-05-29 00:12:42.430766,0,0
0,2026-05-29 00:14:30.921864,121836132,22.62,2
0,2026-05-29 00:14:38.166172,121836132,-76.82,1
solo,2026-05-29 00:14:38.370335,0,0
OPEN,2026-05-29 00:14:58.370923,0,0
0,2026-05-29 00:15:27.140603,121859271,23.47,1
0,2026-05-29 00:15:30.505215,121859271,21.62,2
solo,2026-05-29 00:15:30.709255,0,0
1,2026-05-29 00:15:37.251703,121859271,15.87,2
1,2026-05-29 00:15:41.998269,121859271,4.96,1
OPEN,2026-05-29 00:16:02.201892,0,0
0,2026-05-29 00:16:27.737784,121859271,13.23,1
0,2026-05-29 00:16:32.037350,121859271,14.88,2
solo,2026-05-29 00:16:32.242359,0,0
OPEN,2026-05-29 00:16:52.242988,0,0
0,2026-05-29 00:17:15.000435,1218496122,19.79,2
0,2026-05-29 00:17:21.762789,1218496122,-14.43,1
solo,2026-05-29 00:17:21.966837,0,0
1,2026-05-29 00:17:23.691044,1218496122,-9.19,1
2,2026-05-29 00:17:25.664004,1218496122,-28.02,1
3,2026-05-29 00:17:35.160492,12186133157,-15.06,1
1,2026-05-29 00:17:42.715674,12186133157,6.04,2
followerB,2026-05-29 00:17:42.920720,0,0
OPEN,2026-05-29 00:18:02.923644,0,0
0,2026-05-29 00:19:17.926475,121839170,23.3,1
0,2026-05-29 00:19:22.964625,121839170,14.47,2
solo,2026-05-29 00:19:23.169853,0,0
OPEN,2026-05-29 00:19:43.170528,0,0
0,2026-05-29 00:20:36.298948,121839170,24.59,2
1,2026-05-29 00:20:40.419761,121859271,23.04,2
0,2026-05-29 00:20:41.968468,121839170,-10.33,1
sequence,2026-05-29 00:20:42.172286,0,0
2,2026-05-29 00:20:45.232777,12186133157,18.47,2
followerB,2026-05-29 00:20:45.438112,0,0
1,2026-05-29 00:20:47.005846,121859271,-3.67,1
2,2026-05-29 00:20:55.817737,12186133157,-68.78,1
3,2026-05-29 00:20:56.167802,121836132,2.01,1
4,2026-05-29 00:21:00.663901,12186133157,-1.16,1
5,2026-05-29 00:21:08.607838,121836132,11.05,1
6,2026-05-29 00:21:12.503924,1218496122,13.31,1
3,2026-05-29 00:21:14.347346,121836132,4.36,2
followerB,2026-05-29 00:21:14.551556,0,0
4,2026-05-29 00:21:20.247742,1218496122,6.49,2
followerB,2026-05-29 00:21:20.452482,0,0
OPEN,2026-05-29 00:21:40.454903,0,0
0,2026-05-29 00:21:41.339928,121839170,24.19,1
0,2026-05-29 00:21:46.406765,1218496122,22.85,2
1,2026-05-29 00:21:47.515367,121839170,20.58,2
followerB,2026-05-29 00:21:47.718673,0,0
sequence,2026-05-29 00:21:48.301774,0,0
2,2026-05-29 00:21:54.070921,121836132,22.4,2
followerB,2026-05-29 00:21:54.275027,0,0
3,2026-05-29 00:21:55.885920,1218496122,20.17,2
1,2026-05-29 00:22:00.437162,121836132,-85.69,1
2,2026-05-29 00:22:03.727257,1218496122,8.93,1
OPEN,2026-05-29 00:22:23.930875,0,0
0,2026-05-29 00:22:28.954702,1218496122,1.75,1
OPEN,2026-05-29 00:22:48.955377,0,0
0,2026-05-29 00:23:06.797432,121859271,22.96,1
0,2026-05-29 00:23:11.552509,1218496122,8.7,2
start Lindzey,2026-05-29 00:23:11.757064,0,0
1,2026-05-29 00:23:12.848378,121859271,17.26,2
followerB,2026-05-29 00:23:13.053733,0,0
End Lindzey,2026-05-29 00:23:23.056218,0,0
OPEN,2026-05-29 00:23:33.056636,0,0
0,2026-05-29 00:23:38.591949,121836132,-5.37,1
0,2026-05-29 00:23:44.677580,121836132,9.29,2
solo,2026-05-29 00:23:44.880821,0,0
1,2026-05-29 00:23:51.632627,1218496122,23.59,2
followerB,2026-05-29 00:23:51.836054,0,0
1,2026-05-29 00:24:01.557879,1218496122,-1.15,1
2,2026-05-29 00:24:09.965059,1218496122,24.29,1
OPEN,2026-05-29 00:24:30.170594,0,0
0,2026-05-29 00:24:39.920773,12186133157,-17.7,1
0,2026-05-29 00:25:01.866913,12186133157,11.85,2
solo,2026-05-29 00:25:02.071970,0,0
OPEN,2026-05-29 00:25:22.072668,0,0
0,2026-05-29 00:25:22.559813,12186133157,-5.18,1
OPEN,2026-05-29 00:25:42.560671,0,0
0,2026-05-29 00:26:09.671331,121859271,21.2,2
0,2026-05-29 00:26:16.115390,121859271,-7.56,1
solo,2026-05-29 00:26:16.319565,0,0
OPEN,2026-05-29 00:26:36.320158,0,0
0,2026-05-29 00:26:39.096337,121859271,23.16,1
0,2026-05-29 00:26:42.750021,121859271,12.44,2
solo,2026-05-29 00:26:42.955357,0,0
OPEN,2026-05-29 00:27:02.956026,0,0
0,2026-05-29 00:27:03.658692,121859271,-16.76,1
1,2026-05-29 00:27:12.332082,121859271,22.06,1
0,2026-05-29 00:27:16.069722,121859271,14.74,2
solo,2026-05-29 00:27:16.274114,0,0
OPEN,2026-05-29 00:27:36.274882,0,0
0,2026-05-29 00:27:41.492414,121836132,21.84,2
0,2026-05-29 00:27:46.076606,121836132,-81.02,1
solo,2026-05-29 00:27:46.281284,0,0
1,2026-05-29 00:27:51.881218,121839170,24.22,2
followerB,2026-05-29 00:27:52.086185,0,0
1,2026-05-29 00:28:04.378842,121839170,-10.38,1
2,2026-05-29 00:28:11.851109,12186133157,-9.08,1
3,2026-05-29 00:28:14.950813,1218496122,-10.45,1
2,2026-05-29 00:28:18.387451,12186133157,12.29,2
followerB,2026-05-29 00:28:18.590927,0,0
3,2026-05-29 00:28:21.050862,1218496122,9.08,2
followerB,2026-05-29 00:28:21.255889,0,0
OPEN,2026-05-29 00:28:41.258683,0,0
0,2026-05-29 00:28:43.534821,12186133157,21.29,2
0,2026-05-29 00:28:52.899039,12186133157,-53.91,1
solo,2026-05-29 00:28:53.103004,0,0
OPEN,2026-05-29 00:29:13.103766,0,0
0,2026-05-29 00:29:14.502676,121859271,-5.08,1
OPEN,2026-05-29 00:29:34.503297,0,0
0,2026-05-29 00:29:36.011267,121859271,10.05,2
OPEN,2026-05-29 00:29:56.011708,0,0
0,2026-05-29 00:30:00.367296,121859271,23.23,2
1,2026-05-29 00:30:01.315132,121839170,15.15,2
OPEN,2026-05-29 00:30:21.315591,0,0
0,2026-05-29 00:30:33.644421,121859271,23.37,2
1,2026-05-29 00:30:39.003445,121839170,24.88,2
0,2026-05-29 00:30:42.067088,121859271,-11.15,1
sequence,2026-05-29 00:30:42.271435,0,0
1,2026-05-29 00:30:46.773611,121839170,-16.39,1
OPEN,2026-05-29 00:31:06.978442,0,0
0,2026-05-29 00:33:09.401082,12186133157,-9.38,1
0,2026-05-29 00:33:15.997530,12186133157,7.0,2
solo,2026-05-29 00:33:16.202227,0,0
OPEN,2026-05-29 00:33:36.203,0,0
0,2026-05-29 00:33:36.532111,121859271,19.79,2
1,2026-05-29 00:33:44.435811,121859271,22.63,2
0,2026-05-29 00:33:49.695184,121859271,-5.36,1
solo,2026-05-29 00:33:49.899879,0,0
OPEN,2026-05-29 00:34:09.900590,0,0
0,2026-05-29 00:34:17.912339,121859271,12.42,1
0,2026-05-29 00:34:20.773360,121859271,22.1,2
solo,2026-05-29 00:34:20.977721,0,0
OPEN,2026-05-29 00:34:40.978320,0,0
0,2026-05-29 00:34:45.734602,121836132,12.38,2
OPEN,2026-05-29 00:35:05.777426,0,0
0,2026-05-29 00:35:10.771428,121836132,-9.6,1
0,2026-05-29 00:35:17.612316,1218496122,22.07,2
start Lindzey,2026-05-29 00:35:18.112467,0,0
1,2026-05-29 00:35:25.277578,1218496122,-0.39,1
2,2026-05-29 00:35:28.963235,1218496122,-28.73,1
End Lindzey,2026-05-29 00:35:39.167708,0,0
OPEN,2026-05-29 00:35:49.168127,0,0
0,2026-05-29 00:38:26.558959,121859271,22.48,2
0,2026-05-29 00:38:32.633358,121859271,-9.52,1
solo,2026-05-29 00:38:32.839504,0,0
OPEN,2026-05-29 00:38:52.840277,0,0
0,2026-05-29 00:38:55.779586,12186133157,24.42,2
0,2026-05-29 00:39:05.063324,121859271,16.01,1
start Lindzey,2026-05-29 00:39:05.551438,0,0
1,2026-05-29 00:39:17.673712,12186133157,17.89,2
2,2026-05-29 00:39:20.961530,121859271,17.21,2
followerB,2026-05-29 00:39:21.166883,0,0
End Lindzey,2026-05-29 00:39:31.169199,0,0
OPEN,2026-05-29 00:39:41.169647,0,0
0,2026-05-29 00:39:44.278880,12186133157,18.95,2
1,2026-05-29 00:39:53.099551,12186133157,29.65,2
OPEN,2026-05-29 00:40:13.099889,0,0
0,2026-05-29 00:40:15.224033,12186133157,22.6,2
OPEN,2026-05-29 00:40:35.224555,0,0
0,2026-05-29 00:40:45.316502,12186133157,11.76,2
1,2026-05-29 00:40:49.486012,12186133157,24.76,2
0,2026-05-29 00:40:53.001968,121859271,-16.71,1
start Lindzey,2026-05-29 00:40:54.264678,0,0
2,2026-05-29 00:41:02.329706,12186133157,14.06,2
1,2026-05-29 00:41:12.195942,121859271,22.22,1
3,2026-05-29 00:41:17.294450,121859271,4.35,2
followerB,2026-05-29 00:41:17.499374,0,0
4,2026-05-29 00:41:19.091373,121859271,23.58,2
5,2026-05-29 00:41:26.226431,12186133157,23.75,2
6,2026-05-29 00:41:35.798817,12186133157,14.7,2
2,2026-05-29 00:41:56.196136,12186133157,-69.96,1
3,2026-05-29 00:41:58.026526,12186133157,23.22,1
7,2026-05-29 00:42:01.388142,121859271,23.74,2
4,2026-05-29 00:42:11.899379,121859271,-18.82,1
End Lindzey,2026-05-29 00:42:22.106619,0,0
OPEN,2026-05-29 00:42:32.107240,0,0
0,2026-05-29 00:43:01.177339,121859271,23.23,1
1,2026-05-29 00:43:06.288690,121839170,23.77,1
followerA,2026-05-29 00:43:06.492447,0,0
sequence,2026-05-29 00:43:06.928884,0,0
0,2026-05-29 00:43:07.920555,121859271,8.8,2
1,2026-05-29 00:43:15.330406,121839170,14.65,2
followerB,2026-05-29 00:43:15.535067,0,0
2,2026-05-29 00:43:24.662702,121839170,18.94,2
3,2026-05-29 00:43:26.102408,121859271,26.88,2
2,2026-05-29 00:43:31.552527,121839170,-15.58,1
3,2026-05-29 00:43:35.135294,121859271,-21.71,1
OPEN,2026-05-29 00:43:55.339568,0,0
0,2026-05-29 00:46:25.585631,1218496122,-5.05,1
0,2026-05-29 00:46:40.767609,1218496122,8.02,2
solo,2026-05-29 00:46:40.972307,0,0
OPEN,2026-05-29 00:47:00.973072,0,0
0,2026-05-29 00:47:08.048894,1218496122,-1.28,1
1,2026-05-29 00:47:12.045144,1218496122,-17.95,1
OPEN,2026-05-29 00:47:32.045861,0,0
0,2026-05-29 00:47:34.847433,12186133157,-4.04,1
OPEN,2026-05-29 00:47:57.188497,0,0
0,2026-05-29 00:47:58.904642,121859271,23.44,1
0,2026-05-29 00:48:04.037483,121859271,18.72,2
solo,2026-05-29 00:48:04.243139,0,0
OPEN,2026-05-29 00:48:24.243967,0,0
0,2026-05-29 00:48:32.198706,12186133157,14.83,2
OPEN,2026-05-29 00:48:52.199231,0,0
0,2026-05-29 00:49:46.811797,121859271,23.29,2
0,2026-05-29 00:49:53.933950,121859271,-8.84,1
solo,2026-05-29 00:49:54.139162,0,0
OPEN,2026-05-29 00:50:14.139909,0,0
0,2026-05-29 00:50:17.270841,121859271,18.51,2
0,2026-05-29 00:50:22.581468,1218496122,8.38,1
start Lindzey,2026-05-29 00:50:23.774578,0,0
1,2026-05-29 00:50:28.046827,1218496122,9.56,2
followerB,2026-05-29 00:50:28.252277,0,0
End Lindzey,2026-05-29 00:50:38.255016,0,0
OPEN,2026-05-29 00:50:48.255426,0,0
0,2026-05-29 00:51:26.116431,12186133157,16.48,2
0,2026-05-29 00:51:36.648498,12186133157,-11.21,1
solo,2026-05-29 00:51:36.852278,0,0
1,2026-05-29 00:51:43.180363,12186133157,-53.63,1
OPEN,2026-05-29 00:52:03.385949,0,0
0,2026-05-29 00:53:13.035033,12186133157,-8.81,1
0,2026-05-29 00:53:21.798936,12186133157,10.7,2
solo,2026-05-29 00:53:22.002130,0,0
OPEN,2026-05-29 00:53:42.002908,0,0
0,2026-05-29 00:57:00.797018,1218496122,23.1,2
0,2026-05-29 00:57:12.253538,1218496122,-1.69,1
solo,2026-05-29 00:57:12.457468,0,0
1,2026-05-29 00:57:13.914848,1218496122,-10.93,1
2,2026-05-29 00:57:16.823222,1218496122,-30.01,1
OPEN,2026-05-29 00:57:37.027963,0,0
0,2026-05-29 00:58:34.984573,121859271,23.16,2
0,2026-05-29 00:58:41.634261,121859271,-2.34,1
solo,2026-05-29 00:58:41.838518,0,0
OPEN,2026-05-29 00:59:01.839324,0,0
0,2026-05-29 00:59:03.867414,121859271,16.25,1
0,2026-05-29 00:59:08.158860,121859271,12.14,2
solo,2026-05-29 00:59:08.362516,0,0
1,2026-05-29 00:59:16.320610,121859271,19.52,2
1,2026-05-29 00:59:21.776607,121859271,-8.18,1
OPEN,2026-05-29 00:59:41.982039,0,0
0,2026-05-29 01:00:22.653513,121859271,23.15,1
0,2026-05-29 01:00:26.441443,121859271,19.76,2
solo,2026-05-29 01:00:26.646211,0,0
OPEN,2026-05-29 01:00:46.646892,0,0
0,2026-05-29 01:00:51.479365,12186133157,-35.83,1
0,2026-05-29 01:00:56.157645,121859271,24.0,2
start Lindzey,2026-05-29 01:00:56.594191,0,0
1,2026-05-29 01:01:03.778957,121859271,-8.47,1
End Lindzey,2026-05-29 01:01:13.983246,0,0
OPEN,2026-05-29 01:01:23.983557,0,0
0,2026-05-29 01:01:24.725049,12186133157,4.48,2
OPEN,2026-05-29 01:01:44.725771,0,0
0,2026-05-29 01:01:45.401720,12186133157,-68.18,1
1,2026-05-29 01:01:49.072715,12186133157,23.66,1
2,2026-05-29 01:01:50.869251,12186133157,24.15,1
3,2026-05-29 01:01:52.565431,12186133157,24.57,1
OPEN,2026-05-29 01:02:12.566054,0,0
0,2026-05-29 01:02:30.126574,12186133157,6.8,1
1,2026-05-29 01:02:34.028299,1218496122,2.42,1
followerA,2026-05-29 01:02:34.232526,0,0
sequence,2026-05-29 01:02:36.459752,0,0
0,2026-05-29 01:02:39.973074,12186133157,6.89,2
1,2026-05-29 01:02:41.431100,1218496122,6.3,2
followerB,2026-05-29 01:02:41.637857,0,0
OPEN,2026-05-29 01:03:01.641058,0,0
0,2026-05-29 01:03:13.227198,1218496122,-2.98,1
OPEN,2026-05-29 01:03:33.228019,0,0
0,2026-05-29 01:03:45.196534,12186133157,21.21,2
0,2026-05-29 01:03:51.883289,121859271,23.12,1
start Lindzey,2026-05-29 01:03:52.414302,0,0
1,2026-05-29 01:04:19.070442,12186133157,15.53,2
2,2026-05-29 01:04:28.250533,12186133157,-9.28,2
3,2026-05-29 01:04:34.590699,121859271,18.18,2
followerB,2026-05-29 01:04:34.794212,0,0
End Lindzey,2026-05-29 01:04:44.796368,0,0
OPEN,2026-05-29 01:04:54.796856,0,0
0,2026-05-29 01:04:57.153835,12186133157,22.72,2
OPEN,2026-05-29 01:05:17.154279,0,0
0,2026-05-29 01:05:32.306383,12186133157,-61.36,1
OPEN,2026-05-29 01:05:52.307031,0,0
0,2026-05-29 01:07:16.026292,12186133157,-2.56,1
0,2026-05-29 01:07:23.627216,12186133157,10.19,2
solo,2026-05-29 01:07:23.831872,0,0
1,2026-05-29 01:07:28.838509,1218496122,0.31,1
1,2026-05-29 01:07:40.695383,12186133157,22.15,2
2,2026-05-29 01:07:45.583840,1218496122,31.7,2
followerB,2026-05-29 01:07:45.788730,0,0
OPEN,2026-05-29 01:08:05.792186,0,0
0,2026-05-29 01:08:06.519037,1218496122,14.3,2
0,2026-05-29 01:08:21.817788,1218496122,-7.21,1
solo,2026-05-29 01:08:22.022941,0,0
1,2026-05-29 01:08:25.845209,1218496122,-4.63,1
1,2026-05-29 01:08:28.027178,121859271,22.89,2
followerB,2026-05-29 01:08:28.232440,0,0
2,2026-05-29 01:08:38.982838,121859271,-17.38,1
OPEN,2026-05-29 01:08:59.188037,0,0
0,2026-05-29 01:10:19.669498,12186133157,20.46,2
0,2026-05-29 01:10:27.428294,12186133157,-32.68,1
solo,2026-05-29 01:10:27.632085,0,0
OPEN,2026-05-29 01:10:47.632766,0,0
0,2026-05-29 01:11:05.749911,12186133157,-8.54,1
0,2026-05-29 01:11:13.106860,12186133157,8.69,2
solo,2026-05-29 01:11:13.311860,0,0
1,2026-05-29 01:11:14.473730,121836132,2.13,1
1,2026-05-29 01:11:29.005522,121836132,11.14,2
followerB,2026-05-29 01:11:29.210242,0,0
OPEN,2026-05-29 01:11:49.213078,0,0
0,2026-05-29 01:12:08.861555,121836132,21.94,2
0,2026-05-29 01:12:17.328435,121836132,-43.6,1
solo,2026-05-29 01:12:17.532316,0,0
OPEN,2026-05-29 01:12:37.533009,0,0
0,2026-05-29 01:12:40.938402,121836132,-6.34,1
1,2026-05-29 01:12:45.862728,121859271,23.01,1
0,2026-05-29 01:12:46.636506,121836132,12.51,2
sequence,2026-05-29 01:12:46.840148,0,0
1,2026-05-29 01:12:50.639720,121859271,19.82,2
followerB,2026-05-29 01:12:50.844374,0,0
OPEN,2026-05-29 01:13:10.847030,0,0
0,2026-05-29 01:13:13.434321,121859271,-16.44,1
0,2026-05-29 01:13:23.210205,12186133157,16.33,2
start Lindzey,2026-05-29 01:13:24.883355,0,0
End Lindzey,2026-05-29 01:13:34.883725,0,0
OPEN,2026-05-29 01:13:44.884134,0,0
0,2026-05-29 01:13:53.033668,121836132,21.87,2
0,2026-05-29 01:13:57.221837,121859271,22.75,1
start Lindzey,2026-05-29 01:13:58.559812,0,0
1,2026-05-29 01:13:58.853261,121859271,22.29,1
2,2026-05-29 01:14:00.853170,121836132,14.66,1
End Lindzey,2026-05-29 01:14:11.058286,0,0
OPEN,2026-05-29 01:14:21.058930,0,0
0,2026-05-29 01:14:36.677075,1218496122,12.45,1
0,2026-05-29 01:14:44.315001,1218496122,1.67,2
solo,2026-05-29 01:14:44.519445,0,0
1,2026-05-29 01:14:50.491673,121859271,23.33,1
1,2026-05-29 01:14:54.119591,121859271,17.82,2
followerB,2026-05-29 01:14:54.323692,0,0
2,2026-05-29 01:15:01.478715,121859271,25.24,2
3,2026-05-29 01:15:03.809662,12186133157,24.28,2
followerB,2026-05-29 01:15:04.013663,0,0
2,2026-05-29 01:15:09.167426,121859271,-10.38,1
3,2026-05-29 01:15:14.920642,12186133157,-24.32,1
OPEN,2026-05-29 01:15:35.125239,0,0
0,2026-05-29 01:19:29.261267,12186133157,-13.98,1
0,2026-05-29 01:19:38.427188,12186133157,21.69,2
solo,2026-05-29 01:19:41.747504,0,0
1,2026-05-29 01:19:43.486738,1218496122,23.49,2
followerB,2026-05-29 01:19:43.691797,0,0
1,2026-05-29 01:19:51.796306,1218496122,-0.08,1
OPEN,2026-05-29 01:20:12.000917,0,0
0,2026-05-29 01:20:40.995971,12186133157,24.56,2
0,2026-05-29 01:20:47.652824,12186133157,-1.79,1
solo,2026-05-29 01:20:47.856403,0,0
OPEN,2026-05-29 01:21:07.857382,0,0
0,2026-05-29 01:25:04.041354,121859271,23.32,2
1,2026-05-29 01:25:05.740297,121859271,22.12,2
0,2026-05-29 01:25:15.489158,121859271,-0.75,1
solo,2026-05-29 01:25:15.694030,0,0
OPEN,2026-05-29 01:25:35.694692,0,0
0,2026-05-29 01:25:45.532578,121859271,19.21,2
OPEN,2026-05-29 01:26:05.532931,0,0
0,2026-05-29 01:26:11.311063,12186133157,-21.01,1
0,2026-05-29 01:26:17.377322,12186133157,12.24,2
solo,2026-05-29 01:26:17.581205,0,0
1,2026-05-29 01:26:21.324239,121859271,15.49,1
1,2026-05-29 01:26:25.273843,121859271,21.99,2
followerB,2026-05-29 01:26:25.477877,0,0
2,2026-05-29 01:26:31.310561,12186133157,24.53,2
2,2026-05-29 01:26:36.783586,12186133157,-5.44,1
OPEN,2026-05-29 01:26:56.988522,0,0
0,2026-05-29 01:26:59.916018,121859271,-1.33,1
OPEN,2026-05-29 01:27:19.916675,0,0
0,2026-05-29 01:29:37.869199,1218496122,-8.12,1
0,2026-05-29 01:29:43.379485,1218496122,7.56,2
solo,2026-05-29 01:29:43.583879,0,0
OPEN,2026-05-29 01:30:03.584559,0,0
0,2026-05-29 01:33:24.836692,1218496122,-5.55,1
0,2026-05-29 01:33:29.632458,1218496122,9.23,2
solo,2026-05-29 01:33:29.836693,0,0
OPEN,2026-05-29 01:33:49.837336,0,0
0,2026-05-29 01:34:45.607961,12186133157,-9.44,1
0,2026-05-29 01:34:52.023271,12186133157,12.28,2
solo,2026-05-29 01:34:52.227481,0,0
1,2026-05-29 01:34:52.808490,121859271,22.95,1
1,2026-05-29 01:34:56.719071,121859271,20.05,2
followerB,2026-05-29 01:34:56.923189,0,0
OPEN,2026-05-29 01:35:16.925770,0,0
0,2026-05-29 01:37:38.374102,12186133157,23.86,2
0,2026-05-29 01:37:44.205461,12186133157,-64.01,1
solo,2026-05-29 01:37:44.409837,0,0
OPEN,2026-05-29 01:38:04.410583,0,0
0,2026-05-29 01:38:30.384159,1218496122,7.77,1
0,2026-05-29 01:38:35.161352,1218496122,9.26,2
solo,2026-05-29 01:38:35.365531,0,0
OPEN,2026-05-29 01:38:55.366159,0,0
0,2026-05-29 01:39:31.533398,12186133157,1.14,1
0,2026-05-29 01:39:37.567973,12186133157,7.88,2
solo,2026-05-29 01:39:37.773247,0,0
OPEN,2026-05-29 01:39:57.774020,0,0
0,2026-05-29 01:40:08.969206,121859271,23.48,2
0,2026-05-29 01:40:16.030947,121859271,-24.19,1
solo,2026-05-29 01:40:16.234660,0,0
OPEN,2026-05-29 01:40:36.235347,0,0
0,2026-05-29 01:42:33.129742,12186133157,24.64,2
0,2026-05-29 01:42:37.184060,12186133157,-18.8,1
solo,2026-05-29 01:42:37.388976,0,0
OPEN,2026-05-29 01:42:57.389702,0,0
0,2026-05-29 01:50:37.340531,1218496122,16.86,2
0,2026-05-29 01:50:43.641443,1218496122,-3.23,1
solo,2026-05-29 01:50:43.846266,0,0
OPEN,2026-05-29 01:51:03.847035,0,0
0,2026-05-29 01:54:32.280699,1218496122,15.96,1
0,2026-05-29 01:54:38.303980,1218496122,10.95,2
solo,2026-05-29 01:54:38.507685,0,0
OPEN,2026-05-29 01:54:58.508612,0,0
0,2026-05-29 02:02:40.606163,1218496122,21.14,2
0,2026-05-29 02:02:46.271400,1218496122,0.01,1
solo,2026-05-29 02:02:46.476414,0,0
OPEN,2026-05-29 02:03:06.477173,0,0
0,2026-05-29 02:09:11.663117,1218496122,-0.03,1
0,2026-05-29 02:09:18.086775,1218496122,6.86,2
solo,2026-05-29 02:09:18.290882,0,0
1,2026-05-29 02:09:22.733161,1218496122,24.18,2
OPEN,2026-05-29 02:09:42.938254,0,0
0,2026-05-29 02:13:32.486883,1218496122,20.72,2
0,2026-05-29 02:13:37.695826,1218496122,-0.04,1
solo,2026-05-29 02:13:37.900660,0,0
OPEN,2026-05-29 02:13:57.901378,0,0
0,2026-05-29 02:17:58.057559,1218496122,4.88,1
0,2026-05-29 02:18:04.248908,1218496122,5.24,2
solo,2026-05-29 02:18:04.453275,0,0
OPEN,2026-05-29 02:18:24.453909,0,0
0,2026-05-29 02:22:51.247457,1218496122,23.38,2
0,2026-05-29 02:22:56.267944,1218496122,-1.38,1
solo,2026-05-29 02:22:56.471962,0,0
OPEN,2026-05-29 02:23:16.472844,0,0
0,2026-05-29 02:23:31.127253,1218496122,5.9,1
0,2026-05-29 02:23:38.615002,1218496122,6.87,2
solo,2026-05-29 02:23:38.819996,0,0
OPEN,2026-05-29 02:23:58.820703,0,0
0,2026-05-29 02:31:25.897071,1218496122,23.35,2
0,2026-05-29 02:31:30.663481,1218496122,-0.05,1
solo,2026-05-29 02:31:30.867466,0,0
OPEN,2026-05-29 02:31:50.868211,0,0
0,2026-05-29 02:38:38.699373,1218496122,10.48,1
0,2026-05-29 02:38:59.376883,1218496122,-1.84,2
solo,2026-05-29 02:38:59.582363,0,0
OPEN,2026-05-29 02:39:19.583060,0,0
0,2026-05-29 02:39:20.255020,1218496122,-2.43,1
1,2026-05-29 02:39:23.144605,1218496122,-23.3,1
OPEN,2026-05-29 02:39:43.145353,0,0
0,2026-05-29 02:39:44.059590,1218496122,0.77,2
1,2026-05-29 02:39:48.415490,1218496122,23.93,2
OPEN,2026-05-29 02:40:08.415942,0,0
0,2026-05-29 02:40:16.033954,1218496122,17.26,2
0,2026-05-29 02:40:40.277267,1218496122,-0.2,1
solo,2026-05-29 02:40:40.482301,0,0
1,2026-05-29 02:40:42.247743,1218496122,-20.86,1
OPEN,2026-05-29 02:41:02.451872,0,0
0,2026-05-29 02:41:08.284023,1218496122,-0.45,2
OPEN,2026-05-29 02:41:28.284491,0,0
0,2026-05-29 02:41:59.162660,1218496122,0.03,1
1,2026-05-29 02:42:00.499612,1218496122,-20.9,1
2,2026-05-29 02:42:02.417421,1218496122,-19.14,1
3,2026-05-29 02:42:05.770528,1218496122,-19.2,1
OPEN,2026-05-29 02:42:25.771233,0,0
0,2026-05-29 02:43:26.106016,1218496122,6.51,1
0,2026-05-29 02:43:34.032852,1218496122,10.81,2
solo,2026-05-29 02:43:34.237260,0,0
OPEN,2026-05-29 02:43:54.237963,0,0
0,2026-05-29 02:44:10.117998,1218496122,20.47,2
0,2026-05-29 02:44:25.248044,1218496122,-1.1,1
solo,2026-05-29 02:44:25.452437,0,0
1,2026-05-29 02:44:30.147686,1218496122,24.58,1
OPEN,2026-05-29 02:44:50.352069,0,0
0,2026-05-29 02:45:05.679930,1218496122,9.89,2
OPEN,2026-05-29 02:45:25.680380,0,0
0,2026-05-29 02:50:23.154495,1218496122,24.32,2
0,2026-05-29 02:50:29.491267,1218496122,-0.73,1
solo,2026-05-29 02:50:29.695647,0,0
OPEN,2026-05-29 02:50:49.696255,0,0
0,2026-05-29 02:52:32.368874,121859271,23.39,1
0,2026-05-29 02:52:37.532864,121859271,8.19,2
solo,2026-05-29 02:52:37.738143,0,0
OPEN,2026-05-29 02:52:57.738818,0,0
0,2026-05-29 02:53:17.715378,121836132,12.31,1
1,2026-05-29 02:53:22.003821,1218496122,24.26,1
followerA,2026-05-29 02:53:22.208704,0,0
sequence,2026-05-29 02:53:22.707393,0,0
0,2026-05-29 02:53:25.015080,121836132,9.18,2
1,2026-05-29 02:53:27.141184,1218496122,8.67,2
followerB,2026-05-29 02:53:27.344920,0,0
OPEN,2026-05-29 02:53:47.347466,0,0
0,2026-05-29 02:53:50.355678,121839170,24.37,1
0,2026-05-29 02:53:57.931871,121839170,1.11,2
solo,2026-05-29 02:53:58.136454,0,0
1,2026-05-29 02:54:04.616598,121859271,22.92,2
followerB,2026-05-29 02:54:04.821405,0,0
1,2026-05-29 02:54:10.150191,121859271,-38.6,1
2,2026-05-29 02:54:16.335962,1218496122,13.43,2
followerB,2026-05-29 02:54:16.540767,0,0
2,2026-05-29 02:54:24.001044,1218496122,0.07,1
3,2026-05-29 02:54:25.537271,1218496122,-46.29,1
OPEN,2026-05-29 02:54:45.742376,0,0
0,2026-05-29 02:54:51.484509,12186133157,6.38,1
0,2026-05-29 02:54:59.460515,12186133157,5.71,2
solo,2026-05-29 02:54:59.665841,0,0
1,2026-05-29 02:54:59.757186,1218496122,-9.26,1
1,2026-05-29 02:55:05.528245,1218496122,5.95,2
followerB,2026-05-29 02:55:05.732663,0,0
OPEN,2026-05-29 02:55:25.735024,0,0
0,2026-05-29 02:55:27.288,1218496122,15.56,2
0,2026-05-29 02:55:32.080735,1218496122,-1.02,1
solo,2026-05-29 02:55:32.286431,0,0
OPEN,2026-05-29 02:55:52.287225,0,0
0,2026-05-29 02:56:13.835303,121839170,24.49,2
0,2026-05-29 02:56:19.574173,121839170,-6.65,1
solo,2026-05-29 02:56:19.778145,0,0
OPEN,2026-05-29 02:56:39.778862,0,0
0,2026-05-29 03:02:05.881442,1218496122,2.06,1
0,2026-05-29 03:02:10.667791,1218496122,13.38,2
solo,2026-05-29 03:02:10.871665,0,0
OPEN,2026-05-29 03:02:30.872346,0,0
0,2026-05-29 03:03:21.196490,1218496122,24.15,2
0,2026-05-29 03:03:25.759052,1218496122,-2.85,1
solo,2026-05-29 03:03:25.963076,0,0
1,2026-05-29 03:03:31.674724,1218496122,-30.58,1
1,2026-05-29 03:03:38.002324,12186133157,24.11,2
followerB,2026-05-29 03:03:38.207056,0,0
2,2026-05-29 03:03:45.335127,12186133157,-103.44,1
OPEN,2026-05-29 03:04:05.539688,0,0
0,2026-05-29 05:08:37.935167,121836132,3.39,1
0,2026-05-29 05:08:46.486580,121836132,12.05,2
solo,2026-05-29 05:08:46.691082,0,0
OPEN,2026-05-29 05:09:06.691831,0,0
0,2026-05-29 05:09:09.230182,1218496122,8.75,1
0,2026-05-29 05:09:16.157720,1218496122,10.16,2
solo,2026-05-29 05:09:16.363075,0,0
OPEN,2026-05-29 05:09:36.363765,0,0
0,2026-05-29 05:09:38.253463,121859271,11.68,2
OPEN,2026-05-29 05:09:58.253887,0,0
0,2026-05-29 05:10:05.921232,12186133157,2.87,1
0,2026-05-29 05:10:11.615385,12186133157,10.8,2
solo,2026-05-29 05:10:11.820568,0,0
OPEN,2026-05-29 05:10:31.821416,0,0
0,2026-05-29 05:11:29.964972,121836132,11.17,2
0,2026-05-29 05:11:37.721966,121836132,-65.44,1
solo,2026-05-29 05:11:37.927367,0,0
OPEN,2026-05-29 05:11:57.928113,0,0
0,2026-05-29 05:11:58.271166,12186133157,-53.37,1
OPEN,2026-05-29 05:12:18.271974,0,0
0,2026-05-29 05:12:29.151244,121839170,23.97,2
0,2026-05-29 05:12:34.254670,121839170,-11.64,1
solo,2026-05-29 05:12:34.458717,0,0
OPEN,2026-05-29 05:12:54.459623,0,0
0,2026-05-29 05:14:04.924838,121836132,7.72,1
0,2026-05-29 05:14:10.125825,121836132,8.74,2
solo,2026-05-29 05:14:10.330105,0,0
OPEN,2026-05-29 05:14:30.330693,0,0
0,2026-05-29 05:15:12.507914,1218496122,21.39,2
0,2026-05-29 05:15:13.854666,12186133157,-7.1,1
start Lindzey,2026-05-29 05:15:14.962532,0,0
1,2026-05-29 05:15:15.969778,121836132,22.23,2
followerB,2026-05-29 05:15:16.173439,0,0
2,2026-05-29 05:15:33.058012,121836132,-1.48,2
3,2026-05-29 05:15:47.440154,1218496122,16.55,2
4,2026-05-29 05:15:49.672466,12186133157,22.61,2
followerB,2026-05-29 05:15:49.877186,0,0
5,2026-05-29 05:15:59.652654,1218496122,19.01,2
1,2026-05-29 05:16:06.423013,1218496122,-1.6,1
End Lindzey,2026-05-29 05:16:16.627516,0,0
OPEN,2026-05-29 05:16:26.627900,0,0
0,2026-05-29 05:17:05.202774,121836132,21.76,2
0,2026-05-29 05:17:10.899840,121836132,-44.08,1
solo,2026-05-29 05:17:11.104629,0,0
OPEN,2026-05-29 05:17:31.107349,0,0
0,2026-05-29 05:20:13.443491,121836132,-6.63,1
0,2026-05-29 05:20:20.848438,121836132,11.54,2
solo,2026-05-29 05:20:21.053468,0,0
OPEN,2026-05-29 05:20:41.054232,0,0
0,2026-05-29 05:20:44.572662,121839170,10.35,1
1,2026-05-29 05:20:46.312435,121859271,24.62,1
followerA,2026-05-29 05:20:46.516673,0,0
sequence,2026-05-29 05:20:47.153686,0,0
0,2026-05-29 05:20:48.483291,121839170,12.81,2
1,2026-05-29 05:20:51.048697,121859271,17.29,2
followerB,2026-05-29 05:20:51.252913,0,0
OPEN,2026-05-29 05:21:11.255473,0,0
0,2026-05-29 05:21:11.291556,12186133157,22.53,2
0,2026-05-29 05:21:16.307577,12186133157,-85.9,1
solo,2026-05-29 05:21:16.511472,0,0
OPEN,2026-05-29 05:21:36.512160,0,0
0,2026-05-29 05:23:18.398099,121859271,22.74,2
0,2026-05-29 05:23:28.121265,121859271,-13.95,1
solo,2026-05-29 05:23:28.325391,0,0
OPEN,2026-05-29 05:23:48.326082,0,0
0,2026-05-29 05:24:04.893836,12186133157,-6.53,1
1,2026-05-29 05:24:05.940423,12186133157,23.05,1
0,2026-05-29 05:24:09.674376,12186133157,20.21,2
solo,2026-05-29 05:24:09.879105,0,0
OPEN,2026-05-29 05:24:29.879785,0,0
0,2026-05-29 05:24:30.850581,121859271,21.5,1
0,2026-05-29 05:24:33.827718,121859271,21.92,2
solo,2026-05-29 05:24:34.033218,0,0
OPEN,2026-05-29 05:24:54.033975,0,0
0,2026-05-29 05:25:13.197149,121836132,21.85,2
1,2026-05-29 05:25:14.757513,12186133157,25.47,2
0,2026-05-29 05:25:17.433499,121836132,-71.16,1
sequence,2026-05-29 05:25:17.638764,0,0
1,2026-05-29 05:25:20.362266,12186133157,-84.78,1
OPEN,2026-05-29 05:25:40.566146,0,0
0,2026-05-29 05:25:45.763950,1218496122,1.95,1
0,2026-05-29 05:25:50.826611,1218496122,13.02,2
solo,2026-05-29 05:25:51.031886,0,0
1,2026-05-29 05:25:52.523523,121836132,-3.3,1
1,2026-05-29 05:25:58.633576,12186133157,23.86,2
followerB,2026-05-29 05:25:58.838410,0,0
2,2026-05-29 05:26:00.425354,121836132,20.77,2
followerB,2026-05-29 05:26:00.630082,0,0
3,2026-05-29 05:26:06.371722,12186133157,24.03,2
2,2026-05-29 05:26:10.351158,12186133157,-73.1,1
OPEN,2026-05-29 05:26:30.555996,0,0
0,2026-05-29 05:28:23.181727,121839170,24.1,2
0,2026-05-29 05:28:28.706754,121839170,-8.44,1
solo,2026-05-29 05:28:28.912076,0,0
OPEN,2026-05-29 05:28:48.912853,0,0
0,2026-05-29 05:29:06.949056,121859271,23.09,2
0,2026-05-29 05:29:14.496237,121859271,-14.64,1
solo,2026-05-29 05:29:14.699984,0,0
OPEN,2026-05-29 05:29:34.700678,0,0
0,2026-05-29 05:30:50.827806,1218496122,22.38,2
0,2026-05-29 05:30:54.691846,1218496122,-1.25,1
solo,2026-05-29 05:30:54.896834,0,0
OPEN,2026-05-29 05:31:14.897533,0,0
0,2026-05-29 05:33:08.550013,121859271,14.02,1
0,2026-05-29 05:33:11.797498,121859271,17.64,2
solo,2026-05-29 05:33:12.001990,0,0
1,2026-05-29 05:33:20.745184,12186133157,-19.77,1
1,2026-05-29 05:33:25.963076,12186133157,16.85,2
followerB,2026-05-29 05:33:26.167443,0,0
OPEN,2026-05-29 05:33:46.169909,0,0
0,2026-05-29 05:33:48.668941,121836132,-28.1,1
OPEN,2026-05-29 05:34:08.669706,0,0
0,2026-05-29 05:34:20.258404,12186133157,23.15,2
1,2026-05-29 05:34:21.477878,121839170,17.84,2
followerB,2026-05-29 05:34:21.682093,0,0
sequence,2026-05-29 05:34:21.686120,0,0
OPEN,2026-05-29 05:34:41.686809,0,0
0,2026-05-29 05:35:10.152781,121839170,23.83,2
1,2026-05-29 05:35:13.223590,121839170,23.82,2
2,2026-05-29 05:35:19.614399,12186133157,19.1,2
followerB,2026-05-29 05:35:19.818678,0,0
sequence,2026-05-29 05:35:19.822472,0,0
0,2026-05-29 05:35:24.065088,121839170,-12.71,1
1,2026-05-29 05:35:26.716778,12186133157,6.82,1
OPEN,2026-05-29 05:35:46.920420,0,0
0,2026-05-29 05:36:07.402117,121859271,19.25,1
0,2026-05-29 05:36:10.603668,121859271,20.84,2
solo,2026-05-29 05:36:10.807774,0,0
OPEN,2026-05-29 05:36:30.808543,0,0
0,2026-05-29 05:37:06.564487,12186133157,-13.26,1
1,2026-05-29 05:37:09.323799,121839170,23.69,1
0,2026-05-29 05:37:10.875608,12186133157,19.32,2
sequence,2026-05-29 05:37:11.080763,0,0
1,2026-05-29 05:37:16.789002,121839170,7.5,2
followerB,2026-05-29 05:37:16.992891,0,0
2,2026-05-29 05:37:25.070418,12186133157,23.56,2
3,2026-05-29 05:37:26.004875,121859271,26.67,2
followerB,2026-05-29 05:37:26.212483,0,0
2,2026-05-29 05:37:28.376147,12186133157,-72.74,1
3,2026-05-29 05:37:33.438799,121859271,-14.36,1
4,2026-05-29 05:37:42.417314,12186133157,0.25,1
4,2026-05-29 05:37:47.090673,12186133157,18.94,2
OPEN,2026-05-29 05:38:07.295516,0,0
0,2026-05-29 05:38:11.084408,121859271,22.38,2
0,2026-05-29 05:38:16.966460,121859271,-14.11,1
solo,2026-05-29 05:38:17.170523,0,0
OPEN,2026-05-29 05:38:37.171610,0,0
0,2026-05-29 05:40:55.082636,121839170,21.73,2
0,2026-05-29 05:41:03.905615,121839170,-12.69,1
solo,2026-05-29 05:41:04.108733,0,0
OPEN,2026-05-29 05:41:24.109518,0,0
0,2026-05-29 05:42:01.532308,121859271,22.57,1
0,2026-05-29 05:42:09.519332,121859271,9.72,2
solo,2026-05-29 05:42:09.723718,0,0
1,2026-05-29 05:42:15.138091,12186133157,23.9,2
followerB,2026-05-29 05:42:15.342893,0,0
2,2026-05-29 05:42:23.836234,121859271,16.15,2
1,2026-05-29 05:42:25.124151,12186133157,-16.75,1
2,2026-05-29 05:42:27.401116,12186133157,-116.41,1
3,2026-05-29 05:42:28.946752,12186133157,-67.77,1
4,2026-05-29 05:42:38.137571,121836132,-3.19,1
5,2026-05-29 05:43:19.267354,121836132,23.03,1
6,2026-05-29 05:43:28.030847,12186133157,-9.67,1
7,2026-05-29 05:43:37.406793,121839170,25.18,1
8,2026-05-29 05:43:42.855901,121839170,23.68,1
9,2026-05-29 05:43:48.944165,121836132,20.65,1
3,2026-05-29 05:44:21.928618,121859271,22.34,2
4,2026-05-29 05:44:23.245831,12186133157,20.73,2
5,2026-05-29 05:44:26.717908,121839170,7.06,2
followerB,2026-05-29 05:44:26.921901,0,0
6,2026-05-29 05:44:32.196316,121836132,9.41,2
followerB,2026-05-29 05:44:32.401822,0,0
7,2026-05-29 05:44:40.783296,121859271,22.84,2
8,2026-05-29 05:44:45.291828,121859271,35.45,2
9,2026-05-29 05:44:52.179992,12186133157,29.22,2
10,2026-05-29 05:44:55.971396,121839170,25.44,2
11,2026-05-29 05:44:57.548449,121836132,26.28,2
10,2026-05-29 05:45:03.550671,121859271,-30.6,1
11,2026-05-29 05:45:07.477120,12186133157,-33.8,1
12,2026-05-29 05:45:10.795966,121839170,-13.6,1
13,2026-05-29 05:45:36.530042,12186133157,-3.73,1
14,2026-05-29 05:46:01.792725,121836132,-45.35,1
OPEN,2026-05-29 05:46:21.997491,0,0
0,2026-05-29 05:46:41.379037,12186133157,6.47,1
OPEN,2026-05-29 05:47:01.379643,0,0
0,2026-05-29 05:47:03.928878,12186133157,13.67,2
1,2026-05-29 05:47:11.901962,12186133157,24.21,2
OPEN,2026-05-29 05:47:45.321699,0,0
0,2026-05-29 05:47:54.319336,121836132,0.64,1
OPEN,2026-05-29 05:48:17.479195,0,0
0,2026-05-29 05:48:22.107652,121836132,12.46,2
1,2026-05-29 05:48:24.312901,121859271,29.41,2
followerB,2026-05-29 05:48:24.518036,0,0
sequence,2026-05-29 05:48:24.522296,0,0
OPEN,2026-05-29 05:48:44.523089,0,0
0,2026-05-29 05:49:17.679466,121859271,24.12,2
0,2026-05-29 05:49:18.941672,121836132,-65.33,1
start Lindzey,2026-05-29 05:49:19.146488,0,0
1,2026-05-29 05:49:30.430498,121859271,-29.23,1
End Lindzey,2026-05-29 05:49:40.635364,0,0
OPEN,2026-05-29 05:49:50.635770,0,0
0,2026-05-29 05:51:20.651946,121836132,10.63,1
OPEN,2026-05-29 05:51:43.357273,0,0
0,2026-05-29 05:51:52.696677,121859271,20.7,1
0,2026-05-29 05:51:55.519699,121859271,18.42,2
solo,2026-05-29 05:51:55.724440,0,0
1,2026-05-29 05:51:58.496652,121839170,23.43,1
1,2026-05-29 05:52:04.308419,121836132,21.54,2
followerB,2026-05-29 05:52:04.513023,0,0
2,2026-05-29 05:52:07.486067,121839170,18.9,2
followerB,2026-05-29 05:52:07.690441,0,0
OPEN,2026-05-29 05:52:27.692741,0,0
0,2026-05-29 05:52:38.337179,121836132,21.64,2
0,2026-05-29 05:52:45.964001,121836132,-49.31,1
solo,2026-05-29 05:52:46.168266,0,0
OPEN,2026-05-29 05:53:06.169010,0,0
0,2026-05-29 05:53:07.701477,121859271,23.08,2
0,2026-05-29 05:53:12.597006,121839170,-11.45,1
start Lindzey,2026-05-29 05:53:12.801791,0,0
1,2026-05-29 05:53:15.797607,121859271,-43.66,1
End Lindzey,2026-05-29 05:53:26.001738,0,0
OPEN,2026-05-29 05:53:36.002192,0,0
0,2026-05-29 05:53:39.417638,12186133157,-2.28,1
0,2026-05-29 05:53:49.103209,12186133157,7.85,2
solo,2026-05-29 05:53:49.307369,0,0
OPEN,2026-05-29 05:54:09.308001,0,0
0,2026-05-29 05:59:18.167761,12186133157,19.71,2
0,2026-05-29 05:59:26.277475,12186133157,-3.65,1
solo,2026-05-29 05:59:26.482907,0,0
OPEN,2026-05-29 05:59:46.483693,0,0
0,2026-05-29 06:02:11.258434,121839170,23.86,1
0,2026-05-29 06:02:15.135974,121839170,5.8,2
solo,2026-05-29 06:02:15.340339,0,0
OPEN,2026-05-29 06:02:35.341145,0,0
0,2026-05-29 06:06:47.440003,121859271,22.47,1
0,2026-05-29 06:06:51.870694,121859271,17.89,2
solo,2026-05-29 06:06:52.074432,0,0
OPEN,2026-05-29 06:07:12.075243,0,0
0,2026-05-29 06:07:12.249579,12186133157,10.13,2
OPEN,2026-05-29 06:07:32.249962,0,0
0,2026-05-29 06:07:48.906180,12186133157,-56.09,1
1,2026-05-29 06:07:50.802151,12186133157,24.06,1
OPEN,2026-05-29 06:08:10.802916,0,0
0,2026-05-29 06:09:10.167469,121859271,23.22,2
0,2026-05-29 06:09:16.660495,121859271,-5.73,1
solo,2026-05-29 06:09:16.863798,0,0
1,2026-05-29 06:09:25.306816,12186133157,1.22,1
1,2026-05-29 06:09:30.824231,12186133157,14.68,2
followerB,2026-05-29 06:09:31.029198,0,0
OPEN,2026-05-29 06:09:51.032411,0,0
0,2026-05-29 06:10:10.530952,12186133157,24.51,2
0,2026-05-29 06:10:14.354059,12186133157,-64.28,1
solo,2026-05-29 06:10:14.557436,0,0
OPEN,2026-05-29 06:10:34.559880,0,0
0,2026-05-29 06:11:34.905784,121839170,2.01,2
0,2026-05-29 06:11:36.158406,121859271,22.06,1
start Lindzey,2026-05-29 06:11:39.498365,0,0
1,2026-05-29 06:11:42.968467,121839170,18.99,1
End Lindzey,2026-05-29 06:11:53.173251,0,0
OPEN,2026-05-29 06:12:03.173683,0,0
0,2026-05-29 06:12:26.783136,121859271,22.59,2
0,2026-05-29 06:12:33.192295,121859271,-41.99,1
solo,2026-05-29 06:12:33.397028,0,0
OPEN,2026-05-29 06:12:53.397818,0,0
0,2026-05-29 06:14:06.402430,121839170,15.35,1
0,2026-05-29 06:14:10.724730,121839170,21.29,2
solo,2026-05-29 06:14:10.929280,0,0
OPEN,2026-05-29 06:14:30.929995,0,0
0,2026-05-29 06:16:16.402398,121859271,21.54,1
0,2026-05-29 06:16:19.962998,121859271,21.26,2
solo,2026-05-29 06:16:20.166706,0,0
OPEN,2026-05-29 06:16:40.167470,0,0
0,2026-05-29 06:17:13.298728,121839170,24.46,2
0,2026-05-29 06:17:18.097636,121839170,-7.35,1
solo,2026-05-29 06:17:18.301207,0,0
OPEN,2026-05-29 06:17:38.301891,0,0
0,2026-05-29 06:19:53.309021,121859271,22.61,2
0,2026-05-29 06:19:58.196644,121859271,-4.18,1
solo,2026-05-29 06:19:58.401422,0,0
OPEN,2026-05-29 06:20:18.402135,0,0
0,2026-05-29 06:25:32.948889,121839170,24.28,1
0,2026-05-29 06:25:37.654345,121839170,7.18,2
solo,2026-05-29 06:25:37.859291,0,0
OPEN,2026-05-29 06:25:57.859963,0,0
0,2026-05-29 06:30:15.578708,121839170,18.42,2
OPEN,2026-05-29 06:30:49.009310,0,0
0,2026-05-29 06:43:26.079560,121839170,24.58,1
0,2026-05-29 06:43:32.272276,121839170,12.28,2
solo,2026-05-29 06:43:32.477513,0,0
OPEN,2026-05-29 06:43:52.478330,0,0
0,2026-05-29 06:45:35.193839,121839170,16.03,2
0,2026-05-29 06:45:41.114108,121839170,-19.05,1
solo,2026-05-29 06:45:41.318180,0,0
OPEN,2026-05-29 06:46:01.319339,0,0
0,2026-05-29 07:57:27.798886,12186133157,-1.78,1
1,2026-05-29 07:57:34.287151,1218496122,0.58,1
0,2026-05-29 07:57:37.096980,12186133157,12.31,2
sequence,2026-05-29 07:57:37.300737,0,0
1,2026-05-29 07:57:40.091386,1218496122,8.65,2
followerB,2026-05-29 07:57:40.296871,0,0
2,2026-05-29 07:57:48.466631,121859271,8.96,1
3,2026-05-29 07:57:49.611819,121836132,4.49,1
2,2026-05-29 07:57:53.276993,121859271,4.63,2
followerB,2026-05-29 07:57:53.481399,0,0
3,2026-05-29 07:57:55.687213,121836132,9.72,2
followerB,2026-05-29 07:57:55.891908,0,0
OPEN,2026-05-29 07:58:15.895649,0,0
0,2026-05-29 07:58:19.194558,121839170,22.72,2
OPEN,2026-05-29 07:58:39.195100,0,0
0,2026-05-29 07:59:12.008132,121839170,24.01,2
0,2026-05-29 07:59:17.526955,121839170,-12.3,1
solo,2026-05-29 07:59:17.731930,0,0
1,2026-05-29 07:59:18.208495,121836132,22.64,2
followerB,2026-05-29 07:59:18.413340,0,0
1,2026-05-29 07:59:23.857648,121836132,-59.48,1
OPEN,2026-05-29 07:59:44.062820,0,0
0,2026-05-29 08:00:35.840315,121859271,14.28,2
0,2026-05-29 08:00:41.589465,121859271,-2.56,1
solo,2026-05-29 08:00:41.792679,0,0
OPEN,2026-05-29 08:01:01.793462,0,0
0,2026-05-29 08:03:32.809206,12186133157,24.38,2
0,2026-05-29 08:03:37.455834,12186133157,-68.89,1
solo,2026-05-29 08:03:37.659963,0,0
OPEN,2026-05-29 08:03:57.660564,0,0
0,2026-05-29 08:05:36.444772,1218496122,15.0,2
0,2026-05-29 08:05:46.144443,1218496122,-0.34,1
solo,2026-05-29 08:05:46.347928,0,0
OPEN,2026-05-29 08:06:06.348691,0,0
0,2026-05-29 08:06:43.734508,121836132,7.91,1
0,2026-05-29 08:06:49.388323,121836132,7.33,2
solo,2026-05-29 08:06:49.592211,0,0
1,2026-05-29 08:06:52.528863,121839170,24.45,1
1,2026-05-29 08:06:55.800516,121839170,4.86,2
followerB,2026-05-29 08:06:56.004742,0,0
OPEN,2026-05-29 08:07:16.007539,0,0
0,2026-05-29 08:10:03.190685,121859271,21.61,1
0,2026-05-29 08:10:06.717467,121859271,20.49,2
solo,2026-05-29 08:10:06.921549,0,0
OPEN,2026-05-29 08:10:26.922257,0,0
0,2026-05-29 08:11:35.952677,121839170,26.03,2
0,2026-05-29 08:11:40.664652,121839170,-5.74,1
solo,2026-05-29 08:11:40.869926,0,0
OPEN,2026-05-29 08:12:00.870726,0,0
0,2026-05-29 08:12:31.963042,121836132,22.15,2
0,2026-05-29 08:12:36.568530,121836132,-48.72,1
solo,2026-05-29 08:12:36.813151,0,0
1,2026-05-29 08:12:46.294352,121859271,22.68,2
followerB,2026-05-29 08:12:46.498458,0,0
1,2026-05-29 08:12:53.445123,121859271,-17.44,1
OPEN,2026-05-29 08:13:13.649875,0,0
0,2026-05-29 08:16:32.055124,121859271,22.87,1
0,2026-05-29 08:16:34.999048,121859271,19.95,2
solo,2026-05-29 08:16:35.203352,0,0
OPEN,2026-05-29 08:16:55.204026,0,0
0,2026-05-29 08:17:12.010697,121836132,-1.78,1
0,2026-05-29 08:17:16.828848,121836132,1.54,2
solo,2026-05-29 08:17:17.033701,0,0
OPEN,2026-05-29 08:17:37.034406,0,0
0,2026-05-29 08:18:37.037088,121859271,17.77,2
0,2026-05-29 08:18:42.609677,121859271,-19.82,1
solo,2026-05-29 08:18:42.814057,0,0
OPEN,2026-05-29 08:19:02.814956,0,0
0,2026-05-29 08:25:35.407364,121836132,21.79,2
0,2026-05-29 08:25:47.839106,121836132,-24.66,1
solo,2026-05-29 08:25:48.044536,0,0
OPEN,2026-05-29 08:26:08.045325,0,0
0,2026-05-29 10:04:39.798596,121839170,24.08,1
0,2026-05-29 10:04:45.945075,121839170,4.65,2
solo,2026-05-29 10:04:46.155809,0,0
1,2026-05-29 10:04:53.970130,121836132,13.12,1
1,2026-05-29 10:05:01.178332,121836132,8.03,2
followerB,2026-05-29 10:05:01.384127,0,0
OPEN,2026-05-29 10:05:21.387525,0,0
0,2026-05-29 10:05:35.755427,12186133157,-18.17,1
0,2026-05-29 10:05:42.318863,12186133157,9.06,2
solo,2026-05-29 10:05:42.528335,0,0
OPEN,2026-05-29 10:06:02.529338,0,0
0,2026-05-29 10:06:06.680748,1218496122,15.09,1
initialize,2026-05-29 10:06:57.030887,0,-0.05,1
initialize,2026-05-29 10:06:57.233351,0,-0.11,2
initialize,2026-05-29 10:07:27.677458,0,-0.03,1
initialize,2026-05-29 10:07:27.880109,0,0.03,2
OPEN,2026-05-29 10:07:35.101702,0,0
0,2026-05-29 10:08:11.073231,12186133157,23.68,2
0,2026-05-29 10:08:14.720393,12186133157,-6.8,1
solo,2026-05-29 10:08:14.928398,0,0
OPEN,2026-05-29 10:08:34.929715,0,0
0,2026-05-29 10:08:39.413127,121839170,24.57,2
0,2026-05-29 10:08:43.329837,121839170,-4.8,1
solo,2026-05-29 10:08:43.535048,0,0
OPEN,2026-05-29 10:09:03.535850,0,0
0,2026-05-29 10:09:29.984130,121859271,22.93,1
0,2026-05-29 10:09:39.540568,121859271,4.65,2
solo,2026-05-29 10:09:39.745095,0,0
OPEN,2026-05-29 10:09:59.745911,0,0
0,2026-05-29 10:11:03.013712,121836132,21.43,2
0,2026-05-29 10:11:07.756150,121836132,-35.7,1
solo,2026-05-29 10:11:07.960561,0,0
OPEN,2026-05-29 10:11:27.961325,0,0
0,2026-05-29 10:12:04.364471,121839170,23.49,1
0,2026-05-29 10:12:07.729082,121839170,17.08,2
solo,2026-05-29 10:12:07.932546,0,0
OPEN,2026-05-29 10:12:27.933711,0,0
0,2026-05-29 10:12:42.546071,121859271,19.21,2
0,2026-05-29 10:12:47.997878,121859271,-8.94,1
solo,2026-05-29 10:12:48.204374,0,0
OPEN,2026-05-29 10:13:08.205351,0,0
